746115
179230
54499
63810
50268
243040
150579
393567
33475
34466
353425
880672
305519
399278
804308
19594
63975
1007526
118202
96413
338188
306185
47640
47640
47640
147361
147361
146102
218561
253979
80818
160474
26672
169828
169828
17960
390587
236927
236927
416361
699593
62287
141499
52203
52203
35103
35103
35103
49132
771000
117763
73605
177491
510710
220213
44995
237030
984
399812
660376
38393
38393
38393
10258
715194
94540
213381
81087
242299
662816
42437
43064
164584
219448
489496
215911
211751
120028
277974
475537
13717
13717
130208
106643
298345
16036
300197
66712
71734
635362
186780
42615
164002
206746
53661
406606
599019
650196
312882
190686
7653
7653
287956
8006
638060
3395
83788
482992
502912
30768
454861
587207
59493
77774
86327
490121
15177
279218
279218
158672
294428
108029
79747
213433
248346
42919
77494
174093
472722
51587
150429
384861
73208
539273
21622
587658
549307
521508
421387
349007
103448
108914
177524
284226
85875
31338
241759
85915
740200
392995
212516
383129
324226
158611
158611
119389
346602
897360
189024
5385
7788
128191
591192
91917
394759
151883
103032
103032
372210
33862
194979
97536
401427
1227
1227
252188
307613
36193
287079
241541
298510
420704
141927
378680
264108
96921
47539
445006
397089
81368
406721
329402
46584
311125
303826
40915
198822
215692
72028
448154
125733
104380
42252
83452
339265
90924
7481
7481
74269
187944
252774
71957
649624
83829
607275
173617
274208
7314
382286
35913
90062
236632
546889
224469
307790
156460
454008
252360
115679
115679
578991
400091
357995
795438
170833
424871
634048
13996
620691
20507
224101
150354
177747
96777
590755
328064
357303
204722
46547
559187
320415
151265
151265
300615
224788
340009
153855
226345
369786
156199
268404
102220
413174
320995
218190
469749
54781
45155
291389
135916
10946
226801
186870
32557
6405
303942
991543
64602
187917
129050
259101
64539
38865
38865
138905
563377
719880
311770
134376
332468
387662
386839
174038
3268
206079
123273
209466
28022
28022
149275
480259
556437
256484
123401
169358
11641
21208
207254
35195
29329
29329
29329
228416
29961
290818
43861
246103
204063
244890
131265
21639
910826
93104
252158
272927
302270
155178
168425
24794
24794
49305
158501
44572
481108
55555
295807
546992
138021
133215
224770
103745
390369
337
201718
549992
93113
8908
589569
474702
169146
15791
59954
267427
330775
230010
323228
553820
531493
67255
528632
143134
199551
308946
64165
64165
146440
612073
545508
456483
310734
414608
49884
49884
4652
69135
313656
134609
151793
63852
202325
136751
152136
378399
12076
738901
144236
393541
271079
110724
58257
58257
113851
20396
123262
109906
47271
76465
198855
23878
23878
23878
317453
141749
59074
59074
170392
168739
55747
186483
244551
46328
70167
238825
335177
37891
122520
169340
21172
50623
218747
4627
290124
67066
105511
120997
850665
101448
419140
24674
173294
206725
39791
33112
127317
41261
41261
69570
300598
970978
117725
10414
100714
100714
300231
40361
205882
38661
152838
242903
106723
56438
56438
80954
20098
20098
50475
240979
521291
9376
184814
184814
246881
246881
91106
144548
31786
235285
130987
98439
350034
123770
180931
153880
341328
49988
115141
317967
704202
311036
273954
219090
83026
142694
187572
174568
338818
281816
158344
406995
40015
451022
249086
179411
63349
194034
79075
100317
257815
218901
414000
90124
204763
372094
30781
25888
54285
2618
455909
72890
299779
52362
130604
143249
143249
148514
72266
44924
44924
44924
298513
46092
150334
608365
259109
46371
109407
350989
336729
72063
309193
32579
7829
67282
243669
61926
8099
126620
138271
57499
152253
51483
272793
41407
41407
23082
92558
196760
59799
264135
191158
89977
98817
124667
186678
268441
261213
12084
109338
216026
10344
255864
683808
44018
44018
44018
30995
282344
2138
2138
162670
201752
16452
16452
16452
192173
10426
90948
191327
79222
151464
491769
406903
279660
31063
31063
7692
7692
16565
288013
584273
356891
126123
178063
162109
409513
339922
110695
80280
391074
228214
181428
271220
578567
95614
152640
196421
244415
59009
59009
179943
497275
109774
39424
26544
23236
81948
81948
16513
16513
16513
171854
171854
118650
68090
42464
51279
69718
263276
157681
186421
126519
106456
154799
109321
342291
107490
195186
9508
58171
82777
64213
68321
154545
281941
28747
188164
260576
102491
173613
175426
16193
194945
290641
6267
7619
59152
140184
61941
39972
134347
126582
78530
93030
47223
47223
147052
251774
8468
111896
176174
147767
129816
125151
153961
30440
209031
159340
27464
224900
91935
75713
76305
44629
23541
3912
419377
13181
152343
258894
158689
252579
59435
184895
926351
146621
299575
321017
28064
28064
34048
432695
58266
15934
15934
122180
293300
119562
119562
98863
99461
37487
86422
202903
18379
191708
276440
74415
88991
95271
119894
176435
150585
76649
115362
228487
8037
125961
33304
30673
30673
51806
51806
51806
74760
24324
15576
361110
115575
203645
328300
3801
133171
166137
4014
4014
203144
423994
180770
18830
238567
104028
129209
496164
651883
223651
12721
126629
126629
126629
36009
163528
116118
77750
165215
191582
8048
50934
87481
63204
16695
16695
16695
73198
472374
220142
250643
390738
371893
102445
58441
58441
43821
43821
43821
43821
125789
125789
209014
64030
29770
116026
192135
282977
543021
239959
74017
222620
38111
20894
154211
36603
112821
61923
372061
250300
73659
243664
96464
42373
153429
252732
159793
52998
52998
150156
124809
14861
83006
28557
147121
12557
37426
174883
75903
17025
79908
246912
17787
202278
33199
120254
59417
132768
126165
90332
142134
39572
81132
52460
280484
32882
35973
231877
137307
60572
109298
49575
155433
189916
265539
142306
70594
152445
13976
17996
9431
100560
38050
56857
75651
368844
4179
339819
4145
4145
62379
4200
24055
19519
4414
119729
1390
95554
50714
26162
26162
39170
16275
16275
35943
248740
512264
85091
36524
162606
232191
18646
134701
17967
129688
123617
38745
137511
120556
45159
16847
74173
8093
174067
88110
88110
249631
113003
86030
213052
14989
1824
54820
51088
66121
327417
297577
17687
172580
245480
116306
8640
136116
225485
3928
3928
104408
14933
14933
60692
167166
260632
187732
63465
11100
91353
36494
130702
64965
77764
54761
2320
105433
29343
146748
26940
63322
21
279048
32316
82948
98471
276476
127345
45968
173397
73558
118403
125317
275213
22757
4053
377223
101900
261101
510463
9147
149506
27515
168097
187169
296914
97175
15613
165516
228155
96381
20583
63150
63150
55875
85344
116997
54789
103980
84672
38343
158543
2074
2074
91302
291150
101050
200275
19100
19100
13132
13132
68392
182628
383631
88945
82599
235157
142534
241910
92064
71961
63579
123273
173226
122963
52319
52319
89321
89321
51255
51255
12011
48505
293256
167670
75682
49387
107902
417038
210713
10484
25820
277696
12577
292129
17049
403480
47906
112422
83827
96567
198352
131861
181287
127278
214226
245006
93853
34873
11352
124779
124264
16284
16284
159523
96982
204981
34054
106344
56645
31738
26106
268470
40046
53257
48645
248266
159064
98708
71861
78188
7661
7661
81003
205369
205369
206516
208856
51200
15623
61419
18874
18874
26902
711
308071
199895
107873
7037
40161
57397
165223
121897
47882
154368
372525
394
394
96165
262365
24340
96435
130660
118397
99492
99492
140529
41590
93419
25227
46307
112919
112919
173162
42489
42489
21181
118204
107852
70044
28298
82122
12531
31300
62053
180372
42356
42356
10089
22242
152287
128947
85050
39254
70786
45514
108971
4681
17727
136644
77864
66045
13974
13974
180891
18574
60321
100624
15700
59376
649
104976
195585
83941
85852
177194
38487
19692
9977
129432
10357
83377
99618
2149
41536
84264
58442
235146
86325
48850
48850
77074
190294
121304
51871
43634
95495
95495
25132
51136
370336
116097
69633
114577
51072
72587
1730
1730
1730
59681
7363
7363
85342
2426
50935
4614
4614
271475
70492
7908
49784
42113
96733
9878
9878
9878
53978
99994
21807
208088
76319
22534
20315
20315
20315
11163
63913
63913
17225
50840
50840
134060
79384
15736
157515
119730
47369
7387
7387
7387
7387
7387
7387
36893
74918
29122
81102
52626
13232
131803
53394
69222
47643
36517
6242
59161
187216
187216
22170
4074
4074
152534
183510
302499
187885
141685
65086
44306
157683
64263
35851
42341
42341
303269
45530
98639
18044
9920
154923
27985
16507
51093
51387
145023
128720
246492
45637
20907
25173
32139
4666
16359
107767
45523
38873
72281
66361
124087
51195
9380
9380
177603
205476
41533
39720
93544
68076
46271
76547
46654
31746
163466
65497
46059
41985
64878
201823
81240
62896
143329
59425
41064
9869
9869
9869
135515
17994
42031
17522
37403
133627
230158
166636
70864
109280
109280
109280
43865
5419
45181
82872
21400
21400
128088
175236
11475
38522
106368
92749
108878
17880
103729
41854
89815
93369
41367
57828
57828
104917
108863
24794
289452
272322
98897
184425
51771
158645
71059
1302
1302
26462
218
69323
96758
354317
50350
25275
47625
123755
14442
63958
71833
10876
24468
161293
129708
58617
17976
32288
32288
10027
10027
5102
8659
8659
109431
58090
35722
35722
44934
24485
68313
48432
48432
85696
11497
11497
11497
99354
101360
62376
62376
1462
33882
122686
20950
148751
114155
38873
104875
112190
157438
24388
142918
43693
26269
26269
108919
24464
24464
77825
25107
25107
25107
65718
39726
1483
1483
1483
71179
56189
21593
16823
88009
159550
59474
11111
26212
17469
44244
50761
50761
163577
112023
18973
76563
45455
96189
96189
51080
56504
133048
64215
8626
8626
51547
4582
4582
4582
4582
4582
194895
3601
3601
90203
53988
109461
49436
28964
28964
27829
16271
70043
31530
183373
73385
225849
17431
21660
21660
21660
21660
41844
41844
41844
1668
1668
67543
95686
42325
80727
208592
142130
66075
14034
78066
238965
51115
60808
61692
79276
283057
104051
36970
61934
22584
2135
160950
73178
170858
28856
114595
154220
24370
49507
49507
49507
34881
4353
4403
4403
4403
88166
88166
23150
39279
88213
22928
22928
84656
6256
6256
6256
6256
26868
175093
116787
116787
18401
18401
10116
10116
103334
93915
26615
26615
26615
33410
61454
50
69879
69879
44598
44598
18403
40116
247601
20736
40320
17108
17108
13976
152344
152344
172225
101990
127933
60852
5712
5712
5712
5712
35988
70941
149241
169416
178344
250681
39449
55578
55578
33076
158315
4002
38598
54727
134813
91763
1162
38822
38822
38822
90778
82278
79785
212405
31902
33319
88482
52787
30157
15584
15584
15584
127785
7241
7241
7241
72835
114811
83439
133764
123691
128313
91449
71568
71568
132084
50247
136650
58102
154202
115871
109294
122616
35036
35036
14587
24935
24935
53694
53694
54383
107744
107744
71776
99620
99620
23383
27785
168113
9528
6680
21720
69681
37267
10418
10418
10418
10418
10418
56172
99853
99853
21948
92296
63537
87999
146403
73212
7705
7705
37520
29561
37520
50689
66852
67797
100303
61844
28720
9696
37393
37393
37393
37393
63731
15230
47465
496
15633
67526
47462
119819
13990
74506
27494
27494
5258
20387
76525
76525
35316
93121
89296
120272
164237
79760
117756
117756
18060
18060
54301
54301
12
12
12
118348
168948
3708
22477
85764
128501
44861
35228
98370
52737
10384
10384
10384
81677
58876
12684
153309
128354
21425
21425
53466
59534
59534
29091
96180
131149
131149
23492
23492
36533
50332
68380
46090
46090
144879
141223
451
51990
69611
22522
22522
22522
54563
54563
54563
64462
95538
65262
65262
32645
20716
20716
64113
10532
10532
10532
111656
56070
74826
97399
97399
112528
58149
79174
74980
74980
15081
15081
48690
88783
42597
14373
52339
40147
93078
93078
42113
42113
497
24784
35241
74983
11982
70962
46951
8535
35565
37335
10135
27421
189025
120545
116671
8430
52530
29729
69473
16112
36561
11597
11597
36790
21213
21213
40752
82449
25792
25792
63012
63012
135920
62285
43340
43340
43340
3928
3928
3928
3928
3928
3928
9996
127645
11484
20557
20557
26099
18081
18081
18081
18081
29880
29880
38364
117325
42104
2417
2417
2417
54969
12944
22400
3844
30752
76548
33394
33394
33394
38794
18737
18737
203209
51861
24305
24305
24305
24305
43626
16713
62544
62544
62544
8560
31361
31361
33056
33056
55153
41229
3292
44669
30956
78045
39555
28287
28287
28287
13123
13123
79639
44605
60734
16634
16634
16634
16634
11590
11590
5654
5654
5654
5654
17147
17147
17147
542
542
36722
36719
112344
133369
6561
6561
6561
6561
6561
52789
36015
37426
29736
30289
30289
30289
70014
2886
8922
8922
59547
33358
14603
14603
14603
14603
14603
14603
40847
40847
17717
17717
17717
1588
1588
1588
1588
42093
63532
88568
28543
28543
4581
4581
8795
69605
16612
54543
51258
51258
30111
65080
65080
44481
381
381
381
381
381
381
381
381
381
381
381
381
381
381
381
381
381
381
381
381
48858
83672
91052
18212
18212
66512
18664
122528
75588
121813
48913
48913
51576
37825
37825
11459
11459
41735
48866
14638
14638
14638
22063
17119
17119
69446
87370
62487
35759
96010
46474
26967
26967
26967
46848
77732
35107
35107
35107
18826
18826
38707
210685
154100
21246
47769
33474
33474
33474
19887
19887
22138
40907
40907
23218
23218
23218
8823
8823
75387
90262
136918
22283
56117
56117
69499
58984
58984
76940
16696
16696
16696
139127
43827
139927
56882
20402
13454
13454
13454
30646
30646
30646
30646
30646
30646
55295
118897
12228
12228
1028
17588
27356
6500
41844
44100
44100
44100
61525
126629
92773
110729
110729
90716
69977
69977
12132
12132
21724
21724
21724
22376
4687
4687
11875
11875
6894
6894
53001
53001
1288
47084
42317
42317
6967
6967
6967
6967
24923
39593
80004
37645
37645
8940
8940
28261
28261
41356
34269
34269
34269
34269
34269
34269
34269
17715
17715
37041
35859
35859
14834
14834
14834
574
26818
26818
9394
9394
43967
43967
40508
153973
54861
21289
21289
21289
21289
21289
21289
40610
38418
22038
22038
25842
25842
25842
25842
45163
73173
18884
18884
18884
18884
1565
1565
1565
47745
22781
6119
24857
20087
4877
40913
40913
40913
40913
66671
32075
22814
10098
10098
10098
10098
6189
12580
16320
16320
16320
16320
4828
18752
18752
18752
96948
83379
8303
5672
84072
16417
16417
288
288
18596
18596
18596
53565
24123
24123
4777
43184
36083
19954
19954
19954
19954
19954
19954
38723
38723
79213
277
277
277
34319
19970
19970
19970
19970
2831
2831
2831
2831
57547
57547
57547
34928
332
35332
35332
41483
10958
10958
10958
45686
45686
45686
49178
49178
124803
112366
13041
13041
13041
63714
46290
43111
10713
10713
10713
591
591
26835
17709
25972
58709
112687
53740
64596
64596
64596
20496
20496
20496
69071
77618
52526
52526
52526
42338
42338
14114
3598
64954
64954
15702
64954
64954
77175
23351
23351
68684
68684
68684
86640
70211
6202
6202
18266
18266
18266
18266
49304
36984
19028
19028
19028
19028
19028
19028
19028
63549
63549
23525
23525
23525
23525
23525
23525
40991
40991
40991
40991
40991
58680
58680
30124
30124
56312
8204
8204
22421
22421
22421
22421
22421
22421
22148
22148
19061
19355
10921
10921
10921
19355
27734
178
178
178
178
178
35166
35166
38275
62214
5739
5739
5739
13030
17595
7365
7365
7365
17284
17284
13692
13692
12552
12552
12552
12552
12552
12552
12552
12552
12552
18073
1808
1808
1808
32433
32433
45967
3118
3118
3118
3118
3118
3118
66578
44311
52430
9074
25203
25203
25203
25203
50422
50422
3578
3578
3578
3578
66078
66078
1562
1562
1562
5639
5639
30274
42968
55001
39863
19673
5291
14030
14030
14030
20566
685
685
685
685
685
685
685
685
685
685
685
685
685
26929
19296
19296
19296
19296
25
25
25
30951
30951
22410
3834
12295
12295
59529
58277
58277
58277
58277
55967
27067
29986
11217
11217
24127
24127
24127
24127
4806
4806
4806
999
999
999
999
999
59563
1446
1446
1446
1446
1446
1446
1446
1446
1446
15981
28540
28540
34964
25061
11290
11290
18986
5978
5978
5978
5978
9622
9699
24157
18896
45620
54869
54869
9263
9263
9263
9263
9263
35258
35258
35258
12457
25568
25568
25568
25568
25568
25568
25568
18863
4939
4939
4939
4939
4939
4939
11190
11190
32910
32910
12847
7602
11719
11719
11719
22877
12467
12467
12467
12467
50492
50492
50492
73412
24557
24557
24557
39452
39452
39452
39452
16651
9376
9376
9376
9376
9376
9376
9376
9376
16868
13757
18172
6172
18477
18477
46039
17815
7149
7149
7149
7149
7149
7149
7149
7149
10540
10540
10540
10540
10540
10540
10540
10540
12261
12261
12261
6508
6508
41453
16172
16172
16172
16172
16172
16172
16172
16172
16172
14453
14453
14453
14453
14453
14453
14453
5428
5428
5428
5428
5428
40368
40368
12993
12993
18311
18311
10164
10164
34780
34780
2739
33715
33715
16291
16291
16291
39092
39092
39308
3964
3964
3964
11165
11165
11165
11165
11165
11165
11165
11165
11165
11165
11165
11165
11165
11165
11165
23431
23431
23431
23431
23431
23431
23431
23431
18594
43906
43906
43906
43906
57218
77099
46805
46805
46805
46805
27989
50078
50078
8462
8462
8462
8462
8462
8462
8462
8462
8462
8462
8462
8462
27574
15223
1299
13918
13918
13918
13918
13918
34043
34043
14722
14722
14722
14722
14722
12834
12834
12834
12834
12834
12834
12834
12834
12834
6487
6487
44903
59399
59399
39323
4777
4777
15104
27745
27745
22880
22880
13984
13984
13984
13984
13984
13984
13984
13984
13984
13984
13984
13984
13984
13984
33977
33977
619
619
619
619
619
619
619
619
619
619
619
619
619
619
619
619
619
619
619
619
619
619
619
619
619
619
619
619
25900
4875
14446
522
27034
27034
27034
3591
3591
3591
16858
16858
16858
831
831
831
831
831
831
18490
18490
1959
1959
1959
1959
1959
1959
1959
15730
601
601
601
601
601
601
601
601
601
601
601
601
601
601
601
601
601
43463
37762
4638
29587
10457
19819
11995
11995
28124
41572
30268
47692
1592
1592
1592
1592
1592
1592
1592
1592
1592
1592
1592
1592
1592
1592
1592
1592
1592
1592
1592
1592
1592
1592
1592
1592
1592
23372
23372
23372
23372
29989
29989
16765
21651
16765
53991
53991
53991
23293
23796
23796
23796
23796
23796
14229
14229
14229
14229
14229
14229
14229
14229
14229
14229
14229
21115
13110
13110
13110
19990
19990
19990
23691
23691
23691
56180
56180
56180
56180
4196
4196
4196
4196
7488
11833
11833
11833
11833
11833
11833
11833
11833
11833
9192
9192
13704
13704
13704
13704
13704
9097
9097
9097
9097
9097
9097
9097
9097
8327
8327
8327
8327
8327
8327
30089
11320
4809
4809
4809
11515
11515
16041
16041
4408
4408
4408
4408
9516
9516
9516
9516
9516
9516
9516
9516
9516
18647
18647
18647
18647
18647
18647
18647
18647
18647
18647
7129
7129
7129
7129
7129
7129
7129
7129
7129
53785
53785
39
39
39
39
39
39
39
16090
29706
29706
29706
29706
29706
42118
16446
16446
16446
15595
18630
1819
1819
47321
47321
29365
41572
22944
39556
33344
33344
33344
33344
28160
28160
13456
13456
13456
13456
13456
20400
20400
20400
2711
12418
12418
12418
12418
12418
12418
12418
2711
2711
2711
2711
2711
2711
2711
2711
2711
2711
2711
2711
2711
2711
2711
2711
2711
15245
15031
15031
15031
15031
15031
20313
23787
23787
28197
30367
12943
8082
20142
20142
20142
17883
17883
17883
17883
17883
17883
17883
17883
17883
17883
17883
13912
3512
3512
3512
3512
3512
3512
3512
15809
15809
32152
32152
32152
1876
1876
1876
1876
1876
1876
20925
20925
20925
20925
20925
3724
3724
3724
3724
3724
3724
3724
3724
28317
25044
25044
25044
25044
25044
19900
19900
1131
1131
1131
1131
1131
1131
1131
1131
1131
1131
18555
18555
4631
4631
4631
4631
4631
4631
4631
4631
4631
4631
18555
18555
2470
2470
2470
2470
2470
2470
12659
10142
10142
15139
15139
15139
15139
15139
15139
4759
4759
4759
4759
4759
4759
4759
4759
4759
4759
9478
9478
9478
9478
9478
9478
9478
9478
9478
9478
9478
9478
9478
9478
9478
9478
9478
25158
35851
35851
33845
33845
14035
14035
14035
14035
21415
21415
21415
21415
21415
2646
38563
38563
38563
11007
11007
11007
11007
4781
4781
4781
4781
4781
4781
4781
4781
4781
15668
15668
15668
15668
22748
22748
22748
29236
48048
16468
8181
8181
8181
8181
28683
28683
28683
28683
28683
28683
29881
29881
29881
4600
4600
4600
4600
4600
4600
4600
4600
4600
4600
4600
33136
33136
33136
33136
11064
11064
11064
11064
11064
11064
11064
11064
11064
11064
11064
11064
14217
14217
14217
16408
16408
16716
8248
8248
8248
8248
8248
8248
8248
8248
8248
8248
8248
8248
8248
8248
6881
9248
6881
6881
11888
11888
11888
11888
11888
11888
11888
11888
11888
11888
18737
18737
2608
2608
2608
22041
8935
8935
8935
8935
8935
8935
8935
8935
8935
8935
8935
8935
8935
8935
8935
8935
8935
8935
8935
8935
8935
8935
8935
8935
8935
8935
8935
8935
21690
21690
21690
21690
21690
21690
21690
8935
8935
8935
8935
8935
8935
8935
8935
8935
8935
8935
8935
8935
8935
6194
6194
6194
6194
6194
6194
6194
6194
6194
6194
6194
6194
6194
16607
16607
16607
16607
16607
16607
14369
14369
14369
14369
14369
14369
14369
13187
25229
25229
9100
9100
9100
9100
9100
9100
9100
9100
6029
6029
6029
6029
6029
6029
6029
11927
11927
11927
11927
11927
11927
11927
11927
11927
11927
11927
6842
6842
6842
6842
6842
6842
6842
6842
6842
6842
6842
6842
6842
6842
6842
6842
23783
23783
208
208
208
208
208
208
208
208
208
208
208
208
208
24756
24756
24756
5987
5987
9142
9142
9142
9142
9142
9142
9142
9142
9142
9142
9142
9142
9142
9142
9142
9142
9142
9142
9142
9142
9142
9142
9142
9142
9142
9142
9142
9142
9142
9142
9142
9142
9142
9142
9142
9142
9142
9142
9142
9142
9142
9142
9142
9142
9142
9142
4782
4782
4782
4782
4782
4782
4782
4782
4782
4782
4782
4782
12642
12642
50862
1402
1402
1402
1402
1402
1402
1402
1402
1402
1402
1402
1402
1402
1402
1402
1402
1402
1402
1402
1402
1402
1402
1402
1402
1402
1402
1402
1402
1402
1402
1402
1402
1402
1402
1402
1402
1402
1402
1402
1402
1402
1402
1402
1402
1402
1402
1402
1402
1402
1402
1402
1402
1402
1402
1402
1402
1402
1402
1402
1402
1402
1402
1402
1402
1402
1402
1402
1402
1402
1402
1402
1402
1402
1402
1402
1402
1402
1402
1402
1402
1402
16554
16554
16554
16554
425
425
425
425
425
425
425
425
425
425
425
425
425
425
425
425
425
425
425
425
425
425
425
425
425
425
425
425
425
425
425
425
425
425
425
425
425
425
425
425
425
425
425
425
425
425
425
425
425
425
425
425
425
425
425
425
425
425
425
425
425
425
425
425
425
425
425
425
425
425
425
425
425
425
425
425
425
425
425
425
425
425
425
425
425
425
425
15554
15554
15554
15554
15554
15554
15554
15554
15554
15554
15554
15554
15554
15554
15554
15554
15554
15554
15554
15554
9410
19490
19490
19490
19490
13634
13634
13634
13634
13634
13634
13634
13634
16991
17234
17234
17234
17234
2087
2087
2087
2087
2087
2087
2087
2087
2087
2087
2087
2087
2087
2087
2087
2087
2087
2087
2087
2087
2087
2087
2087
2087
2087
2087
2087
2087
2087
2087
2087
2087
2087
2087
2087
2087
2087
2087
2087
2087
17794
17794
17794
17794
15330
12894
12894
12894
15330
15330
15330
15330
7471
7471
7471
7471
7471
9953
9953
9953
9953
9953
5176
5176
5176
5176
5176
5176
5176
5176
5176
5176
5176
5176
5176
5176
5176
5176
5176
5176
5176
5176
5176
5176
5176
5176
5176
5176
5176
5176
5176
5176
5176
5176
5176
5176
5176
5176
5176
5176
5176
5176
5176
5176
5176
5176
5176
5176
5176
5176
5176
5176
5176
5176
5176
5176
5176
5176
5176
5176
5176
5176
5176
5176
5176
5176
5176
5176
5176
5176
5176
5176
5176
5176
5176
5176
5176
5176
5176
5176
5176
5176
5176
5176
5176
5176
5176
5176
5176
5176
5176
5176
5176
5176
5176
5176
11568
11568
6388
6388
6388
6388
6388
6388
6388
6388
6388
6388
6388
6388
6388
6388
6388
6388
6388
6388
6388
6388
6388
6388
6388
6388
6388
6388
6388
6388
6388
6388
6388
6388
6388
6388
6388
6388
6388
6388
6388
6388
6388
6388
6388
6388
6388
6388
6388
6388
6388
6388
6388
6388
6388
6388
6388
6388
6388
6388
6388
9741
9741
9741
9741
9741
9741
9741
9741
9741
9741
9741
9741
9741
9741
9741
9741
9741
9741
9741
9741
9741
9741
9741
6388
6388
6388
6388
6388
6388
6388
6388
6388
6388
6388
6388
6388
6388
6388
6388
6388
6388
6388
6388
6388
6388
6388
6388
6388
6388
6388
6388
6388
6388
6388
6388
6388
6388
6388
6388
6388
11568
11568
11568
19057
19057
3744
3744
3744
3744
3744
3744
3744
3744
3744
3744
3744
3744
3744
3744
3744
3744
3744
3744
3744
3744
3744
3744
3744
3744
3744
3744
3744
3744
3744
3744
3744
3744
3744
3744
3744
3744
3744
3744
3744
3744
3744
3744
3744
3744
3744
3744
3744
3744
3744
3744
3744
3744
3744
3744
3744
3744
3744
3744
3744
3744
3744
3744
3744
3744
3744
3744
3744
3744
3744
3744
3744
3744
3744
3744
3744
3744
3744
3744
3744
3744
3744
3744
3744
3744
3744
3744
3744
3744
3744
3744
3744
3744
3744
3744
3744
3744
3744
3744
3744
3744
3744
3744
3744
3744
3744
3744
3744
3744
3744
3744
3744
3744
3744
3744
3744
3744
3744
3744
3744
3744
3744
3744
3744
3744
3744
3744
3744
3744
3744
3744
3744
3744
3744
3744
3744
3744
3744
3744
3744
3744
3744
3744
3744
3744
3744
3744
3744
3744
3744
3744
3744
3744
3744
3744
3744
3744
3744
3744
3744
3744
3744
3744
3744
3744
3744
3744
3744
3744
3744
3744
3744
3744
3744
3744
3744
3744
3744
3744
3744
3744
3744
3744
3744
3744
3744
3744
3744
3744
3744
3744
3744
3744
3744
3744
3744
3744
3744
3744
3744
3744
3744
3744
3744
3744
3744
3744
3744
3744
3744
3744
3744
3744
3744
3744
3744
3744
3744
3744
3744
3744
3744
3744
3744
3744
3744
3744
3744
3744
3744
3744
3744
3744
3744
3744
3744
3744
3744
3744
3744
3744
3744
3744
3744
3744
3744
3744
3744
3744
3744
3744
3744
3744
3744
3744
3744
3744
3744
3744
3744
3744
3744
3744
3744
3744
3744
3744
3744
3744
3744
3744
3744
3744
3744
3744
3744
3744
3744
3744
3744
3744
3744
3744
3744
3744
3744
3744
3744
3744
3744
3744
3744
3744
3744
3744
3744
3744
3744
3744
3744
3744
3744
3744
3744
3744
3744
3744
3744
3744
10180
8589
8589
8589
8589
8589
7540
7540
7540
7540
7540
7540
7540
7540
7540
7540
7540
7540
7540
7540
7540
7540
7540
7540
12909
12909
12909
12909
12909
12909
12909
12909
6412
6412
6412
6412
6412
6412
6412
6412
6412
6412
6412
6412
6412
6412
6412
6412
6412
6412
6412
6412
6412
6412
6412
6412
6412
6412
6412
6412
6412
6412
6412
6412
6412
6412
6412
6412
6412
6412
6412
6412
6412
7512
7512
7512
7512
7512
7512
7512
7512
7512
7512
7512
7512
7512
7512
7512
7512
7512
7512
7512
7512
7512
7512
7512
7512
7512
7512
7512
7512
7512
7512
9912
9912
9912
9912
9912
9912
9912
9912
9912
9912
9912
9912
9912
9912
9912
9912
9912
9912
9912
9912
9912
9912
9912
9912
9912
9912
9912
9912
9912
9912
9912
9912
9912
9912
9912
9912
9912
9912
9912
9912
9912
9912
9912
9912
9912
9912
9912
9912
9912
9912
9912
9912
9912
5217
5217
5217
5217
9912
9912
9912
9912
9912
9912
9912
9912
9912
9912
9912
11113
11113
11113
11113
11113
11113
11113
11113
11113
11113
11113
11113
11113
11113
11113
11113
11113
11113
16443
16443
16443
16443
16443
18153
18153
18153
18153
18153
18153
18153
23463
20637
20637
20637
20637
20637
6713
6713
6713
6713
6713
6713
6713
6713
6713
6713
6713
6713
6713
6713
6713
6713
6713
6713
6713
6713
6713
6713
6713
6713
6713
6713
6713
6713
6713
6713
6713
6713
6713
6713
6713
6713
6713
6713
6713
6713
6713
6713
6713
6713
6713
6713
6713
11243
11243
11243
11243
11243
11243
11243
11243
11243
11243
11243
6446
6446
6446
6446
6446
6446
6446
6446
6446
6446
6446
6446
6446
6446
6446
6446
6446
6446
6446
6446
6446
6446
6446
6446
6446
6446
6446
6446
6446
6446
6446
6446
6446
6446
6446
6446
6446
6446
6446
6446
6446
6446
6446
6446
6446
6446
6446
6446
6446
6446
6446
6446
6446
6446
6446
6446
6446
6446
6446
6446
6446
6446
6446
6446
6446
6446
6446
6446
6446
6446
6446
6446
6446
6446
6446
6446
6446
6446
6446
6446
6446
6446
6446
6446
6446
6446
6446
6446
6446
6446
6446
6446
6446
6446
6446
6446
6446
6446
6446
6446
6446
6446
6446
6446
6446
6446
6446
6446
6446
6446
6446
6446
6446
6446
6446
6446
6446
6446
6446
6446
6446
6446
6446
6446
6446
6446
6446
6446
6446
6446
6446
6446
6446
6446
6446
6446
6446
6446
6446
6446
6446
6446
6446
6446
6446
6446
6446
6446
6446
6446
6446
6446
6446
6446
6446
6446
6446
6446
6446
6446
6446
6446
6446
6446
6446
6446
6446
6446
6446
6446
6446
6446
6446
6446
6446
6446
6446
6446
6446
6446
6446
6446
6446
6446
6446
6446
6446
6446
6446
6446
6446
6446
6446
6446
6446
6446
6446
6446
6446
6446
6446
6446
6446
6446
6446
6446
6446
6446
6446
6446
6446
6446
6446
6446
6446
6446
6446
6446
6446
6446
6446
6446
6446
6446
6446
6446
6446
6446
6446
6446
6446
6446
6446
6446
6446
6446
6446
6446
6446
6446
6446
6446
6446
6446
6446
6446
6446
6446
6446
6446
6446
6446
6446
6446
6446
6446
6446
6446
6446
6446
6446
6446
6446
6446
6446
6446
6446
6446
6446
6446
6446
6446
6446
6446
6446
6446
6446
6446
6446
6446
6446
6446
6446
6446
6446
6446
6446
6446
6446
6446
6446
6446
6446
6446
6446
6446
6446
6446
6446
6446
6446
6446
6446
6446
6446
6446
6446
6446
6446
6446
6446
6446
6446
6446
6446
6446
6446
6446
6446
6446
6446
6446
6446
6446
6446
6446
6446
6446
6446
6446
6446
6446
6446
6446
6446
6446
6446
6446
6446
6446
6446
6446
6446
6446
6446
6446
6446
6446
6446
6446
6446
6446
6446
6446
6446
6446
6446
6446
6446
6446
6446
6446
6446
6446
6446
6446
6446
6446
6446
6446
6446
6446
6446
6446
6446
6446
6446
6446
6446
6446
6446
6446
6446
6446
6446
6446
6446
6446
6446
6446
6446
6446
6446
6446
6446
6446
6446
6446
6446
6446
6446
6446
6446
6446
6446
6446
6446
6446
6446
6446
6446
6446
6446
6446
6446
6446
6446
6446
6446
6446
6446
6446
6446
6446
6446
6446
6446
6446
6446
6446
6446
6446
6446
6446
6446
6446
6446
6446
6446
6446
6446
6446
6446
6446
6446
6446
6446
6446
6446
6446
6446
6446
6446
6446
6446
6446
6446
6446
6446
6446
6446
6446
6446
6446
6446
6446
6446
6446
6446
6446
6446
6446
6446
6446
6446
6446
6446
6446
6446
6446
6446
6446
6446
6446
6446
6446
6446
6446
6446
6446
6446
6446
6446
6446
6446
6446
6446
6446
6446
6446
6446
6446
6446
6446
6446
6446
6446
6446
6446
6446
6446
6446
6446
6446
6446
6446
6446
6446
6446
6446
6446
6446
6446
6446
6446
6446
6446
6446
6446
6446
6446
6446
6446
6446
6446
6446
6446
6446
6446
6446
6446
6446
6446
6446
6446
6446
6446
6446
6446
6446
6446
6446
6446
6446
6446
6446
6446
6446
6446
6446
6446
6446
6446
