251
969
100
434
429
350
504
458
130
309
9
716
285
719
289
463
689
599
161
205
734
735
344
465
148
948
684
884
836
107
24
280
260
40
133
976
575
659
220
970
989
784
59
377
117
343
137
521
818
647
771
559
217
140
881
801
786
817
637
943
18
6
848
101
929
531
626
61
453
27
674
785
610
797
928
619
185
270
649
587
123
747
547
12
846
906
189
486
65
644
545
594
404
1
788
655
997
339
539
920
89
310
20
580
700
250
449
748
983
569
56
958
783
240
995
382
950
421
268
554
476
474
537
583
864
247
584
913
183
688
138
768
87
208
412
588
598
204
303
173
951
586
934
532
199
50
229
533
11
490
710
982
210
475
789
887
729
782
36
745
904
804
591
363
538
182
298
607
43
54
300
955
369
717
42
859
14
975
28
675
960
654
97
642
235
917
269
606
845
168
362
83
257
483
455
127
143
287
519
5
487
122
699
622
903
418
72
754
121
892
941
667
795
409
645
481
823
431
263
796
448
23
96
156
386
115
571
850
896
962
373
966
213
480
162
397
526
725
996
402
980
899
25
0
169
447
79
616
837
751
746
436
319
368
763
347
685
158
114
912
693
959
221
694
164
792
714
188
166
141
501
793
994
125
535
898
379
824
639
998
603
469
635
226
407
372
246
570
931
30
239
443
485
91
777
176
439
525
577
853
21
361
232
62
70
825
286
497
963
508
612
281
356
193
195
346
750
505
7
911
790
984
134
866
37
207
893
90
965
665
472
278
723
515
770
473
990
190
673
862
2
328
171
165
753
551
259
713
593
416
802
184
981
550
780
764
638
523
48
942
318
264
544
38
395
167
284
410
720
978
925
826
387
451
513
582
399
336
128
814
243
384
772
306
67
972
878
503
628
986
555
63
488
109
244
77
872
778
53
761
698
514
110
728
711
249
776
891
187
910
779
461
299
621
643
506
277
799
471
218
180
126
741
883
392
352
623
874
561
590
119
712
611
294
408
177
916
335
466
900
849
664
279
175
135
57
820
367
292
895
755
492
111
142
609
498
403
360
557
256
568
880
98
511
737
172
668
835
662
338
992
401
425
739
961
248
390
197
499
999
811
291
152
41
308
704
237
422
108
238
608
854
317
400
869
150
546
930
288
157
572
261
875
769
179
4
186
952
55
681
341
46
420
806
39
