427
350
489
735
130
675
653
251
529
700
205
186
233
852
883
43
932
405
875
909
199
696
309
495
813
395
848
12
536
215
615
969
793
956
838
677
546
286
542
176
764
446
582
459
865
236
40
301
152
743
344
829
741
429
161
240
767
981
270
762
68
58
122
939
343
642
763
451
52
629
550
383
935
686
216
938
881
760
330
591
791
170
756
575
13
113
656
900
747
155
263
324
84
602
781
558
776
539
773
352
872
721
962
531
318
474
454
637
15
26
169
830
612
19
640
17
714
467
342
856
272
210
984
596
394
669
171
757
103
574
649
943
117
198
662
728
250
470
359
32
717
744
507
516
129
952
325
590
955
673
418
723
453
719
647
754
538
373
634
424
118
362
83
468
854
151
724
253
798
2
69
315
959
482
108
839
24
737
421
396
440
60
143
312
562
399
123
926
21
141
1
376
392
79
521
998
248
971
944
437
119
304
684
110
578
287
701
594
162
777
47
347
306
167
864
375
196
561
587
384
804
825
51
666
107
230
933
921
340
553
951
897
694
689
473
157
917
782
958
188
202
544
628
692
268
207
504
337
265
965
260
858
261
888
397
74
178
218
775
863
707
711
276
469
855
811
903
166
802
605
996
518
625
38
990
750
652
39
751
367
91
841
980
975
907
976
862
832
458
49
502
722
134
665
953
365
452
420
644
559
378
731
180
221
718
592
111
36
759
456
895
974
604
705
690
810
414
430
386
209
303
617
698
712
423
264
927
491
739
235
278
934
439
814
385
75
377
887
682
321
889
565
357
168
506
861
697
227
912
97
824
624
857
30
734
203
296
37
593
313
419
576
328
212
368
334
407
753
678
704
70
126
158
247
580
797
833
816
184
317
648
512
957
259
557
920
766
850
494
806
966
336
187
523
496
931
869
843
601
457
132
291
164
14
564
409
31
62
619
527
163
106
836
7
214
449
979
508
76
112
535
549
941
308
667
262
232
175
668
752
769
379
986
100
570
884
277
257
710
993
387
598
326
300
120
740
239
153
490
778
182
913
533
193
795
45
64
870
369
573
464
997
438
67
197
98
480
509
125
372
382
809
738
355
732
879
805
923
626
801
192
519
283
27
406
204
695
104
416
127
631
510
124
755
910
282
579
341
280
53
146
853
400
485
297
361
567
643
882
785
526
493
82
676
985
796
