2
996
428
516
684
958
666
647
912
881
423
330
94
889
587
957
803
27
262
255
107
845
274
738
946
719
915
311
386
246
974
533
852
896
627
968
74
969
204
296
932
190
170
194
394
164
773
562
340
681
406
222
62
379
645
829
250
151
494
283
46
188
397
579
658
134
15
731
162
290
835
869
673
683
544
828
655
668
365
181
66
126
316
808
52
634
199
956
226
615
444
98
152
223
282
368
260
883
69
978
415
45
79
480
909
333
536
43
140
558
232
983
60
970
65
950
819
1
387
854
527
795
671
142
51
446
967
407
574
753
759
459
252
111
366
261
903
789
940
973
264
661
853
620
481
113
58
510
971
659
884
488
966
793
104
697
443
313
925
787
801
335
12
449
564
145
935
338
534
782
245
304
804
522
747
855
44
329
584
84
964
863
917
901
610
243
890
378
434
672
292
133
790
701
371
211
419
207
542
865
72
976
401
633
34
657
892
761
123
195
717
609
213
413
495
205
690
589
878
462
293
184
270
241
669
577
561
370
361
691
367
715
101
254
102
576
622
403
727
685
710
288
702
300
471
765
233
570
216
875
851
514
592
788
861
71
594
14
167
530
424
11
567
623
110
437
847
317
56
511
430
154
656
842
895
844
539
399
187
418
93
96
234
745
169
943
581
821
375
799
463
569
202
67
363
138
504
619
989
899
115
319
452
741
155
814
551
88
351
591
447
680
555
502
963
783
173
952
981
203
873
38
991
859
559
308
836
831
776
54
68
931
475
519
860
13
257
489
237
249
433
341
571
965
771
158
267
303
422
498
192
429
291
354
347
675
856
221
735
707
811
930
153
383
711
143
526
242
345
549
563
396
585
573
606
30
802
105
390
353
897
114
975
487
772
906
730
936
457
786
191
637
694
525
391
898
777
713
751
302
723
586
381
473
175
10
597
629
425
599
350
736
742
532
25
822
894
709
605
716
959
90
21
596
816
550
372
201
439
997
280
560
411
825
868
513
621
862
326
64
922
698
918
588
77
872
729
163
876
26
89
0
218
273
307
37
848
639
414
306
749
337
318
468
954
985
431
987
664
572
866
780
24
248
146
649
130
818
665
607
112
466
477
441
919
206
122
758
524
128
867
582
499
785
160
988
506
944
349
455
212
497
781
251
95
129
993
271
479
992
166
984
4
933
208
548
807
553
49
435
797
148
929
314
726
566
