430
783
594
839
303
233
353
429
28
51
433
89
540
552
100
723
775
810
394
260
735
267
350
24
268
15
458
517
908
423
622
81
518
821
27
428
185
83
897
415
790
296
280
534
295
231
674
864
647
892
987
638
398
477
521
282
377
765
817
134
666
972
924
475
745
873
624
520
995
309
504
653
130
587
652
588
917
922
700
275
225
569
123
54
648
781
45
747
493
542
948
421
870
183
432
812
344
404
12
909
93
591
239
962
16
644
971
161
215
18
688
482
103
114
879
473
33
409
791
211
710
976
946
396
565
934
997
77
676
43
804
316
325
929
694
508
696
240
691
539
960
923
474
915
348
519
323
989
549
795
272
143
592
778
725
865
578
833
238
214
851
117
640
413
74
506
488
362
787
684
198
580
586
928
355
424
116
311
70
658
310
438
334
106
762
526
301
602
937
247
563
149
756
101
639
796
867
332
733
606
26
412
38
472
749
536
566
614
626
76
13
610
399
407
257
884
199
261
866
9
487
785
486
324
230
374
269
209
333
913
902
891
699
939
845
291
155
905
281
254
825
918
788
162
364
358
150
426
637
664
450
850
702
596
904
213
447
766
729
951
623
219
56
535
417
227
30
305
863
315
319
945
856
178
770
234
372
11
562
92
115
3
550
42
655
419
768
706
630
249
698
148
507
340
597
156
531
912
408
119
994
584
288
966
672
452
212
501
64
127
160
402
359
505
443
480
4
464
759
907
392
742
174
360
308
661
984
848
478
686
278
193
911
95
279
187
515
47
728
322
872
773
300
831
132
685
287
186
603
179
986
170
431
944
66
246
94
86
921
814
351
49
496
874
577
274
354
48
302
158
662
789
437
713
646
741
306
293
328
548
898
244
990
228
876
717
226
329
896
916
361
456
241
893
568
806
78
416
853
159
621
131
256
667
557
299
237
593
830
286
687
177
942
805
221
826
194
947
365
900
613
720
665
932
8
711
718
628
313
498
860
276
312
582
651
877
935
401
616
643
336
889
895
822
304
697
425
589
838
883
110
979
985
636
31
875
620
590
634
835
561
380
886
141
397
968
510
724
105
435
888
998
55
441
442
572
175
555
345
60
767
974
10
952
551
491
39
774
460
154
736
682
468
855
411
479
880
180
337
318
264
41
352
890
317
669
680
467
527
400
882
290
207
604
600
681
252
564
931
930
743
761
108
218
157
420
731
52
524
799
502
